1296 (1123: 2 (2311), 44A, 222B, 276C, 81D; 4 (1312), 84E, 230F, 182G; 5 (1321: 1, 0, 0, 0, 
0; 2 (1132), 0, 0, 0; 1, 0, 0; 0; 1), 40H, 105I; 20J; 1) 

A = (2345: 0, 6 (3412), 10 (3612: 1, 0, 0, 0, 0; 1, 1, 2 (4211), 0; 1, 0, 2 (3411); 1; 1), 
    2 (3611), 0; 0, 6 (3215), 8 (2461: 0, 1, 1,0, 0; 0, 0, 1, 1; 0, 1, 2 (2231); 1; 0), 4 (2611); 0, 
    2 (2314), 4 (2316); 2 (2315); 0) 

B = (2434: 1, 12 (3245: 1, 1, 0, 0, 0; 1, 1, 1, 0; 1, 2 (3342), 1; 2 (3242); 1), 34 (3541: 1, 
    2 (4215), 6 (5362), 1, 0; 1, 3 (4251), 7 (3265), 4 (3266); 1, 2 (5241), 3 (3552); 2 (3341); 
    1), 36 (3551: 1, 3 (5316), 5 (5612), 3 (6216), 0; 0, 4 (3315), 5(3316), 2 (4611); 2 (3515), 
    3 (3516), 4 (3361); 3 (3351); 1), 4 (1515*); 2 (3244), 17 (4235: 1, 3 (2342), 1, 0, 0; 
    2 (2345), 1, 2 (4314), 0; 1, 2 (4332), 1; 2 (4232); 1), 44 (3235: 0, 2 (2352), 5 (5412), 
    3 (2641), 1; 1, 6 (5632), 7 (3314), 6 (3114*; 1, 4 (3332), 3 (6232); 4 (3236); 1), 
    26 (2516: 0, 1, 4 (3631), 1, 0; 1, 4 (2251), 4 (3531), 0; 2 (2561), 3 (2215), 1; 4 (2216); 1);
    3 (2344), 11(2354: 1, 2 (3432), 1, 0, 0; 1, 2 (3234), 2 (2441), 0; 0, 0, 0; 1; 1), 23 (2325:
    0, 0, 1, 2 (3431), 0; 1, 4 (2536), 5(2214), 3(2461); 1, 3 (2535), 2 (2336); 1; 0); 8 (2324:
    0, 0, 0, 0, 0; 1, 2 (2435), 0, 0; 1, 2 (2534), 1; 1; 0); 1)

C = (2445: 1, 12 (4562: 1, 1, 0, 0, 0; 2 (4256), 0, 1, 0; 1, 2 (4252), 2 (4514); 1; 1), 42 (5266: 
    1, 1, 5 (3654), 6 (3534), 1; 1, 3 (4662), 8 (4516), 5 (5354); 2 (5662), 2 (5562), 3 (4262); 
    3 (5256); 1), 38 (3364: 0, 1, 4 (4616), 6 (5616), 1; 1, 3 (3536), 6 (6356), 6 (6266); 
    2 (3634), 2 (3356), 2 (3566); 3 (3664); 1), 9 (2363: 0, 1, 1, 1, 0; 0, 2 (3336), 1, 1; 0, 1, 1; 
    0; 0); 3 (4452), 27 (2564: 3 (5246), 5 (4255), 2 (4242), 0, 0; 3 (4265), 3 (4462), 6 (3454), 
    0; 1, 1, 1; 1; 1), 51 (2566: 0, 2 (6255), 6 (4615), 8 (6434), 5 (3344); 1, 4 (2652), 8 (3456), 
    8 (4416); 1, 2 (2256), 3 (2264); 2 (2556); 1), 36 (3646: 0, 2 (6365), 4 (5365), 5 (5355), 1; 
    1, 2 (6416), 6 (5635), 5 (1353*); 2 (3466), 3 (3436), 3 (3635); 1; 1); 4 (2454), 15 (2456: 
    1, 1, 1, 0, 0; 0, 3 (2644), 5(4415), 0; 1, 1, 0; 1; 1), 28 (3456: 1, 1, 4 (2642), 1, 0; 
    2 (3645), 4 (3345), 6 (2646), 3 (2255); 1, 1, 2 (2466); 2 (3446); 0); 9 (1246: 0, 1, 1, 0, 0; 
    0, 1, 3 (2442), 1; 0, 1, 1; 0; 0); 1) 

D = (4456: 2 (5644), 8 (5645: 0, 1, 0, 0, 0; 1, 0, 0, 0; 1, 2 (5544), 1; 1; 1), 6 (4555*), 0, 0; 
    4 (4564), 18 (4565: 1, 2 (5646), 2 (5444), 0, 0; 2 (5546), 2 (5445), 2 (4644), 0; 1, 1, 
    2 (4544); 2 (4545); 1), 8 (5655), 2 (5555); 5 (4546: 1, 0, 0, 0, 0; 2 (4465), 0, 0, 0; 1, 0, 0; 
    0; 1), 10 (4565: 0, 1, 1, 0, 0; 1, 1, 1, 0; 1, 1, 2 (4445); 1; 0), 9 (5615: 0, 1, 0, 1, 1; 0, 1, 
    2 (4555), 1; 0, 1, 1; 0; 0); 8(4545: 0, 1, 1, 0, 0; 0, 1, 2 (4466), 0; 1, 1, 1; 0; 0); 1) 

E = (1415: 0, 6 (3141: 0, 0, 0, 0, 0; 0, 0, 0, 0; 1, 1, 1; 2 (2141); 1), 12 (3142: 1, 1, 0, 0, 0; 1, 
    1, 2 (2161), 0; 1, 1, 2 (3131); 1; 1), 10 (2136: 2 (3621), 2 (3221), 0, 0, 0; 1, 1, 0, 0; 1, 1, 
    0; 1; 1), 0; 0, 9 (1251: 1, 2 (2114), 1, 0, 0; 0, 0, 0, 0; 0, 1, 1; 2 (1241); 1), 19 (1631:1, 
    2 (2116), 4 (2513), 0, 0; 0, 1, 5 (1342), 0; 1, 1, 2 (1234); 1; 1), 10 (1236: 1, 1, 0, 0, 0; 
    2 (1362), 2 (2213), 0, 0; 1, 1, 0; 1; 1); 0, 6 (1314), 9 (1261: 0, 0, 1, 0, 0; 1, 1, 1, 0; 1, 1, 
    2 (1235); 1; 0); 3 (1215); 0) 

F = (1415: 2 (4151), 12 (2154: 1, 0, 0, 0, 0; 1, 0, 4 (5161), 0; 1, 1, 2 (5151); 1; 1), 34 (6152: 
    1, 4 (2521), 5 (2543), 0, 0; 1, 3 (2146), 5 (3164), 3 (3144); 2 (2156), 2 (3156), 4 (2142); 
    3 (2152); 1), 41 (4233: 1, 3 (2324), 4 (3522), 6 (2621), 0; 1, 6 (3224), 4 (2563), 3 (2221); 
    1, 4(2533), 4 (5263); 3 (4243); 1), 20 (2663: 1, 3 (3226), 2 (3222), 0, 0; 1, 3 (2326), 
    2 (2322), 0; 1, 1, 2 (2233); 3 (2263); 1); 2 (1541), 19 (1561: 1, 2 (4116), 4 (2145), 0, 0; 0,
    1, 5 (1254), 0; 1, 1, 2 (1534); 1; 1), 39K, 0; 0, 3 (1356), 5(1256), 2 (6111); 1, 1, 1; 3 (3135); 1), 
    23 (3613: 1, 1, 3 (1262), 2 (2325), 0; 0, 1, 5 (2433), 5 (3225); 1, 0, 1; 2 (3313); 1); 
    3 (1451), 11 (1461: 0, 1, 1, 0, 0; 1, 1, 3 (1245), 0; 0, 0, 2 (1452); 1; 1), 17 (1365: 0, 1, 
    2 (3413), 0, 0; 0, 1, 4 (1611), 1; 1, 1, 2 (1255); 3 (1335); 1); 6 (1461*); 1) 

G = (1445: 1, 6 (1156*), 19 (1656: 0, 1, 2 (4563), 5 (4522), 1; 1, 1, 2 (4526), 3 (4353); 1, 1, 
    1; 0; 0), 42 (3556: 0, 3 (5363), 5 (4363), 6 (4622), 2 (2224); 2 (5563), 6 (5353), 4 (5226), 
    4 (2522); 1, 4 (3563), 4 (2526); 1; 0), 16 (2626: 0, 0, 1, 2 (3363), 1; 0, 1, 3 (3663), 1; 
    2 (6226), 0, 1; 3 (2226); 1); 1, 12 (4165: 1, 1, 1, 0, 0; 2 (1564), 1, 2 (4453), 0; 0, 1, 1; 1; 
    1), 33 (1566: 0, 1, 4 (4625), 8 (5343), 5 (2424); 1, 2 (5165), 3 (5426), 5 (4525); 1, 1, 0; 1; 
    1), 22 (2562: 1, 3 (5225), 1, 4 (3643), 2 (3343); 1, 4 (2426), 1, 3 (1666); 0, 1, 1; 0; 0); 
    3 (1454), 8 (4416*), 12 (5165: 0, 0, 1, 1, 2 (3443); 1, 1, 2 (1466), 1; 1, 1, 1; 0; 0); 
    6 (4456*); 1) 

H = (1245: 0, 4 (3124), 8 (3126: 0, 0, 0, 0, 0; 1, 1, 2 (4113), 0; 0, 1, 1; 1; 1), 2(3113), 0; 0,
    6 (1324), 8 (2166: 0, 1, 1, 2 (1413), 0; 0, 1, 1, 1; 0, 1, 0; 0; 0), 4 (1136); 0, 3 (1253), 
    4 (1263); 1; 0) 

I = (1245: 1, 10 (4162: 0, 0, 1, 0, 0; 1, 2(2124), 1, 0; 1, 1, 2 (4153); 1; 0), 23 (3426: 0, 1, 
    3 (5163), 2 (5133), 0; 1, 3 (5623), 4 (2523), 2 (2122); 1, 2 (2423), 3 (2126); 1; 0), 
    10 (3166: 0, 1, 2 (2623), 1, 0; 0, 1, 1, 1; 1, 0, 1; 1; 0), 0; 2 (1524), 12 (1436: 0, 1, 1, 
    2 (2125), 0; 0, 1, 1, 1; 0, 1, 3 (1422); 1; 0), 18 (1356: 0, 1, 3 (3143), 1, 0; 1, 2 (1463), 
    3 (1433), 1; 1, 1, 2 (1151); 2 (1156); 0), 11 (1161: 0, 0, 0, 1, 2 (2223); 0, 0, 1, 1; 1, 0, 
    2 (1363); 2 (1111); 1); 1, 4 (1625), 11 (3164: 1, 2 (1343), 1, 1, 0; 0, 1, 1, 2 (1115); 0, 0, 
    2 (1144); 0; 0); 2 (1145); 0) 

J = (1245: 0, 2 (4123), 3 (2116*), 0, 0; 0, 3 (1124), 6 (1162*), 3 (1116*); 0, 1, 2 (1143); 0; 0) 

K = (1256: 1, 5 (6135), 10 (4335*), 1, 0; 1, 2 (1642), 6 (1161*), 2(1334);
    1, 3 (1536), 3 (1242); 3 (1112*); 1) 
