1296 (1123: 2 (2311), 44A, 222B, 276C, 81D; 4 (1312), 84E, 230F, 182G;
5 (1321: 1, 0, 0, 0, 0; 2 (1132), 0, 0, 0; 1, 0, 0; 0; 1), 40H, 105I; 20J; 1)

A = (2314: 2 (3241), 5 (3251:0,0,0,0,0;0,0,0,0;1,1,0;2(3231);1),
0, 0, 0; 2 (2431), 10 (3215: 1, 1, 0, 0, 0; 0, 1, 0, 0; 1, 1, 2 (3411);
2 (3212); 1), 4 (3511), 0; 3 (2341), 8 (3312: 0, 0, 0, 0, 0; 1, 2 (2351),
1, 0; 0, 0, 1; 2 (5312); 1), 6 (2511: 0, 0, 0, 0, 0; 0, 0, 0, 0; 0, 1, 2 (3311);
2(2211);1);3(2312:0,0,0,0,0;0,0,0,0;0,0,0;2(2315);1);1)

B = (4532: 4 (2345: 1, 0, 0, 0, 0; 0, 0, 0, 0; 2 (2354), 0, 0; 0; 1),
20 (3256: 1, 1, 4 (2415), 0, 0; 0, 2 (2355), 4 (5214), 0; 2 (3265),
1, 2 (3244); 2 (3255); 1), 43 (3651: 2 (5316), 4 (5216), 5 (5215),
2 (2214), 0; 1, 5 (2615), 7 (1461*), 2 (2241); 2 (6351), 4 (5351),
5 (3535*); 3 (3366*); 1), 14 (3616: 1, 1, 1, 0, 0; 0, 2 (3361), 1, 0;
2 (3661), 1, 2 (5611); 2 (2616); 1), 1; 4 (5342: 1,0, 0, 0, 0; 2 (3452),
0, 0, 0; 0, 0, 0; 0; 1), 38 (3652: 2 (5236), 5 (2335), 8 (4215: 1, 1,
2 (2334), 0, 0; 1, 0, 1, 0; 0, 0, 0; 1; 1), 0, 0; 2 (5362), 3 (3235),
7 (4351), 0; 1, 3 (3252), 3 (2442*); 3 (3252); 1), 34 (6236: 1, 2 (2362),
4 (5612), 7 (2515), 0; 1, 1, 6 (3516), 5 (4214); 1, 1, 2 (6431); 2 (3236);
1), 12(6331: 0, 0, 1, 1, 0; 0, 0, 3 (4611), 2 (4411); 1,0, 1;2(3331); 1);
5 (2234: 0, 2 (3542), 0, 0, 0; 0, 1, 0, 0; 0, 1, 0; 1; 0), 14 (2536: 0, 1, 1,
0, 0; 2 (3562), 4 (5232), 2 (4234), 0; 0, 1, 1; 1; 1), 22 (2362: 0, 0,
2 (4631), 3 (3531), 1; 1, 3 (6632), 3 (4212), 3 (4331);1,2 (6332),
2 (2512); 1; 0); 10 (6412: 0, 0, 1, 0, 0; 0, 1, 2 (4232), 3 (5222*);
0, 1, 2 (4432); 0; 0); 1)

C = (2445: 1, 12 (4562: 1, 1, 0, 0, 0; 2 (4256), 0, 1, 0; 1, 2 (4252),
2 (4514); 1; 1), 42 (5266: 1, 1, 5 (6514), 6 (3354), 1; 1, 3 (6252),
8 (4516), 5 (5514); 2 (6256), 2 (6264), 3 (4262); 3 (5262); 1),
38 (6561: 1, 3 (3656), 4 (3356), 2 (3634), 1; 0, 5 (5366), 6 (3565*),
2 (3364); 3 (6651), 3 (4661), 5 (6662); 2 (5561); 1), 9 (2363: 0, 1, 1,
1, 0; 0, 2 (3336), 1, 1; 0, 1, 1; 0; 0); 3 (5244), 27 (5246:3 (2564),
2 (2554), 2 (4451), 0, 0; 3 (4265), 4 (2254), 4 (4541), 0; 1, 2 (6244),
3 (4244); 2 (5242); 1), 51 (4436:2 (3644), 1, 6 (6242), 6 (2562),
3 (2552); 1, 6 (4365), 6 (6446*), 6 (2566); 2 (4346), 4 (3456), 4 (4535);
3 (4411*); 1), 36 (3646: 0, 2 (6461), 4 (6535), 5 (5535), 1; 1, 2 (6635),
6 (5635), 5 (5655*); 2 (3466), 3 (6641), 3 (5635); 1; 1); 4 (2454),
15 (6245: 1, 2 (2452), 0, 0, 0; 1, 2 (2542), 4 (4415), 0; 0, 1, 2 (4345);
1; 1), 28 (3546:1,2 (5435), 5 (2462), 1, 0; 2 (3465), 3 (3435), 4 (2565),
3 (4441); 1, 1, 3 (2246); 2 (3545); 0); 9 (6265: 0, 0, 1, 2 (2444), 0;
0, 1, 2 (2455), 1;0, 1, 1;0;0); 1)

D = (4456:2 (5644), 8 (5645: 0, 1, 0, 0, 0; 1, 0, 0, 0; 1,2 (5544), 1; 1; 1),
6 (5545: 0, 0, 0, 1, 0; 0, 0, 0, 1; 0, 0, 2 (5665); 1; 1), 0, 0; 4 (4564),
18 (4565: 1, 2 (5646), 2 (5444), 0, 0; 2 (5546), 2 (5445), 2 (4644), 0;
1, 1, 2 (4544); 2 (4545); 1), 8 (5655), 2 (5555); 5 (4546: 1, 0, 0, 0, 0;
2 (4465), 0, 0, 0; 1, 0, 0; 0; 1), 10 (4566: 0, 1, 1, 0, 0; 0, 2 (4655), 1, 0;
1, 1, 2 (4464); 0; 1), 9 (4555: 0, 0, 0, 1, 0; 0, 0, 1, 3 (4444); 1, 1, 1; 0; 1);
8 (4556: 0, 0, 0, 0, 0;0, 0, 0, 0; 1, 2 (4455), 3 (4446); 1; 1); 1)

E =(1234: 4(2413:2 (3142), 0, 0, 0, 0; 1, 0, 0, 0;0, 0, 0;0; 1), 14 (3521: 0,
2 (2313), 1, 0, 0; 2 (2513), 1, 1, 0; 1, 2 (2321), 1; 2 (3321); 1),
13 (2151: 0, 0, 0, 0, 0; 1, 2 (3115), 1, 0; 1, 2 (2112), 2 (3111);
3 (2111); 1), 0, 0; 3 (1342), 18 (2135:2 (1352), 4 (3213), 2 (1341), 0, 0;
0, 1, 1, 0; 1, 2 (3132), 2 (2114); 2 (2132); 1), 10 (1512: 0, 1, 2 (3131),
0, 0;0, 1, 1, 0;0, 1,2(1311); 1; 1), 0; 2 (1432), 6 (1314: 0,0, 0, 0, 0;
1, 1, 2 (1532), 0;0, 0, 1;0; 1), 9 (1531: 0, 0, 0, 0, 0;0, 1, 2 (1212), 0;
0, 1, 2 (1211); 2 (1331); 1); 4 (1232: 0, 0, 0, 0, 0; 0, 0, 0, 0; 0, 0, 1;
2 (1235); 1); 1)

F = (1415:
    2 (4151), 
   12 (2154: 1, 0, 0, 0, 0; 1, 0, 4 (5161), 0; 1, 1, 2 (6151); 1; 1), 
   34 (6152: 1, 4(5221), 5(3524), 0, 0; 1, 3(2146), 5(3164), 3(4134); 2(5162), 2(3156), 4(2142); 3(5152); 1),
   41 (4233: 1, 3(2324), 4(3522), 6(3166), 0; 1, 6(3224), 4(2563), 3(6136); 1, 4(2533), 4(5263); 3(4243); 1), 
   20 (3626: 1, 3(6233), 2(2333), 0, 0; 1, 3(2633), 2(2322), 0; 1, 1, 2(3322); 3(3622); 1);
    2 (1541), 
   19 (6114: 1, 2(1561), 3(1534), 0, 0; 0, 0, 7(4135), 0; 1, 2 (4111), 1; 1; 1), 
   39 (1256: 1, 5(6135), 10(4335*), 1, 0; 1, 2(1642), 6 (6616*), 2 (1334); 1, 3 (1552), 3 (1242); 3 (1243*); 1),
   23 (6313: 0, 1, 5(1266), 4(3422), 0; 1, 1, 3(2433), 3(2325); 1, 0, 1; 2(3313); 1);
    3 (4115), 
   11 (6116: 0, 1, 1, 3 (1452), 0; 0, 1, 1, 1; 0, 1, 1; 1; 0),
   17 (1365: 0, 1, 2 (3413), 0, 0; 0, 1, 4 (1611), 1; 1, 1, 2 (1255); 3 (1335); 1); 
    6 (4614*); 
    1)

G = (1456:3 (5164), 14 (6524: 0, 1, 3 (4145), 0, 0; 1, 1, 3 (4164), 0;
1, 1, 2 (6164); 0; 1), 39 (3563: 0, 0, 5 (5622), 7 (4662*), 1;
1,3 (5343), 4 (6525), 5 (4225*); 2 (5363), 4 (3643), 3 (5543);
3 (5563); 1), 26 (2642: 0, 1, 1, 5 (3363), 3 (3533);0, 3 (2224),
4 (5222), 6 (3343);0, 1, 1; 1;0), 2 (2222);4 (1554*), 18 (6146: 1, 1,
3 (1565), 0, 0; 0, 1, 7 (1544), 0; 1, 1, 1; 1; 1), 30 (6462: 1, 2 (4226),
3 (2526), 4 (3653), 1; 0, 1, 5 (5424), 4 (6353); 0, 1, 6 (6144*);
2 (6422); 0), 16 (2646: 0, 0, 2 (4424), 2 (3433), 4 (5655*);
0, 1, 2 (2422), 2 (3443); 0, 1, 1; 1; 0); 4 (1665*), 10 (6655: 0, 1, 1, 1, 0;
0, 1, 2 (1554), 1; 0, 1, 1; 1; 0), 9 (6424: 0, 0, 0, 1, 1; 0, 0, 1, 2 (3453);
1, 1, 1; 1;0);6 (6655*); 1)

H = (1242: 0, 3 (4121), 8 (3125: 0, 0, 0, 0, 0; 1,2 (2133), 1, 0; 0, 1, 1 ; 1 ; 1),
3 (3513*), 0; 0, 4 (1421), 6 (6334*), 6 (6615: 0, 0, 1, 1,0;
0, 0, 2 (1135), 1; 0, 0, 1; 0; 0); 0, 2 (1322), 6 (6152*); 2 (1142); 0)

I = (1415: 0, 3 (5124), 18 (4622: 0, 0, 1, 3 (5163), 3 (3153); 0, 2 (2124),
2 (5126), 2 (4133); 0, 1,3 (5122); 1; 0), 18 (5263: 0, 0, 3 (2126), 1,0;
1,3 (2523), 2 (6133), 1; 1, 2 (5323), 3 (3163); 1; 0), 9 (6266: 0, 0,
2 (3623), 2 (2323), 0; 0, 1, 1, 2 (3223); 0, 0, 1; 0; 0); 1, 9 (6141: 0, 0,
1, 0, 0; 1, 1, 2 (4125), 0; 1, 1, 1; 1;0), 17 (1653: 0, 1,2 (2125), 0, 0;
0, 1, 4 (1161), 1; 1, 1, 2 (1343); 3 (1353); 1), 12 (6226: 0, 0, 1, 2 (1633),
1; 0, 1, 1, 2 (3423); 0, 1, 2 (6423); 1; 0); 1,4 (1165), 11 (6324: 0, 1,
2 (1433), 1, 1; 0, 1,2 (1422), 2 (1225); 0, 0, 1; 0; 0); 2 (1425); 0)

J = (1245: 0, 2 (4123), 3 (2116*), 0, 0; 0, 3 (1124), 6 (1162*), 3 (1116*);
0, 1, 2 (1143); 0; 0)
